Execution Time: 0.25 sec

Solution: 2 10 16 16 19 22 23 24 25 27 30 31 32 35 36 42 47 48 49 50 51 54 56 58 63 64 65 67 69 74 76 78 83 84 86 88 89 94 96 98 99 101 102 103 104 105 108 109 111 116 120 121 122 123 130 131 135 139 146 149 150 152 153 155 156 157 162 163 165 170 173 174 183 187 189 191 197 200 204 207 210 211 211 216 217 223 224 227 228 234 236 237 238 242 249 256 259 260 262 263 265 269 273 273 274 275 278 281 283 285 287 288 288 289 293 294 298 299 300 301 304 306 308 311 313 316 320 323 324 325 326 326 327 328 331 334 336 338 339 341 345 347 353 359 361 363 370 377 378 379 380 383 386 387 390 391 392 393 394 396 397 401 402 405 407 409 410 414 415 416 418 419 422 424 434 439 443 448 450 454 458 460 463 469 470 473 478 481 482 484 485 487 489 491 499 501 503 507 510 512 514 515 517 519 521 524 525 529 532 534 537 540 541 542 544 548 550 551 553 554 555 557 559 560 561 563 566 569 571 572 574 577 580 583 589 591 597 598 601 603 604 605 606 607 608 610 611 612 613 615 617 618 620 623 627 632 633 634 636 637 638 641 644 645 650 655 657 665 666 669 670 673 688 690 692 693 694 696 697 699 700 701 702 703 707 713 720 722 725 726 730 733 736 739 745 747 749 750 752 755 758 760 766 767 772 773 774 778 781 783 784 785 786 789 790 798 799 800 803 804 807 809 814 820 821 825 826 831 834 835 836 838 841 847 849 851 857 860 861 867 868 869 870 872 873 875 877 881 882 886 893 898 900 902 902 904 910 911 914 916 917 919 921 922 924 926 931 932 935 936 941 944 948 951 954 955 956 958 960 961 963 964 965 966 967 968 971 972 973 976 977 982 984 985 988 990 991 993 995 999 
Distance: 4019444.34
Execution Time: 0.27 sec

Solution: 1 3 5 7 8 9 14 15 16 18 26 27 29 30 36 37 38 41 45 47 49 50 56 58 59 61 62 64 65 66 72 73 75 77 78 79 82 86 88 90 91 92 93 97 103 108 110 111 117 118 119 125 129 132 134 135 138 141 142 145 146 149 150 151 153 154 160 162 167 169 171 171 172 180 181 182 185 188 192 193 195 197 201 206 213 216 218 228 233 239 242 246 250 251 253 257 258 259 262 263 269 273 276 277 278 279 280 282 285 286 288 299 301 304 309 310 312 314 315 316 318 319 321 322 325 326 329 331 332 333 335 337 338 342 343 345 346 348 349 352 356 356 358 362 363 367 368 369 370 374 376 380 386 387 391 392 393 395 400 402 404 407 411 413 414 419 420 423 424 425 432 441 442 444 445 447 449 450 455 456 457 459 461 464 466 467 468 469 472 473 474 475 479 480 482 486 491 492 493 494 497 500 504 508 510 513 515 517 519 520 521 530 535 536 537 538 547 550 555 559 561 562 566 573 575 578 580 582 584 585 595 600 602 603 604 605 608 609 613 618 619 621 627 628 629 630 633 642 643 646 650 651 652 657 664 666 667 668 671 673 674 676 678 682 683 684 686 687 693 694 695 698 700 702 703 705 706 708 709 710 712 713 714 716 717 720 722 727 729 732 738 740 743 744 747 750 753 754 758 763 765 770 771 773 776 780 781 783 785 787 788 792 794 795 801 803 806 809 811 814 815 817 820 825 827 831 832 835 836 838 840 841 842 846 847 850 853 854 855 863 864 868 872 874 875 877 883 884 885 886 887 889 891 892 894 895 896 897 898 900 902 904 905 910 911 912 916 918 919 921 925 926 927 928 929 934 935 937 940 942 943 945 948 950 951 953 962 965 973 974 976 977 981 986 987 988 989 990 998 999 
Distance: 4021841.65
Execution Time: 0.28 sec

Solution: 0 2 6 10 11 13 15 16 28 31 32 35 37 40 41 42 47 49 50 52 53 54 55 62 63 65 66 67 71 77 80 81 83 87 89 91 93 94 95 96 102 105 106 110 111 112 113 120 121 122 124 125 126 133 135 136 140 144 145 146 147 148 149 151 154 155 158 159 161 162 163 164 168 172 175 176 179 187 194 195 197 199 209 212 213 216 219 220 222 223 227 238 240 244 248 250 256 257 260 264 266 268 280 282 283 290 291 293 294 296 297 303 304 308 309 314 320 321 323 329 331 335 341 343 344 347 348 352 353 356 357 358 367 368 372 375 376 377 378 379 381 382 383 389 391 394 395 397 398 400 401 407 413 414 415 416 417 428 430 433 440 441 443 444 445 446 449 453 455 457 458 459 460 464 465 466 470 471 473 475 477 478 479 480 481 482 483 484 485 486 487 489 494 496 498 504 505 511 517 519 521 523 524 525 526 527 528 529 532 535 536 539 549 550 551 552 553 560 562 565 568 575 580 581 582 585 587 593 594 595 597 601 603 605 607 611 612 613 615 616 618 621 622 624 627 633 634 635 637 638 639 644 645 646 647 649 651 655 657 659 661 662 666 667 670 671 674 677 678 679 683 687 693 697 699 700 702 703 705 706 708 711 715 716 721 724 726 727 728 729 731 734 736 742 743 744 746 750 751 752 753 755 760 764 770 775 778 781 783 784 789 790 791 792 793 794 795 796 797 798 799 800 803 805 811 813 815 817 820 822 826 827 833 834 836 840 841 843 844 846 848 850 851 852 853 854 855 856 857 859 861 864 867 876 881 886 890 891 892 894 895 896 899 904 908 909 910 911 912 915 916 919 921 922 927 928 930 931 934 937 946 949 954 956 960 962 963 967 969 970 972 974 976 977 991 992 993 994 997 999 
Distance: 4016668.64
Execution Time: 1.26 sec

Solution: 3 12 13 16 22 23 26 27 31 32 33 34 39 43 44 47 51 54 55 56 59 60 62 64 65 69 71 73 76 77 79 84 87 91 92 94 96 99 101 102 103 104 109 110 111 115 120 121 125 126 131 132 132 134 142 151 152 153 154 158 159 173 174 176 180 181 182 183 184 194 197 203 204 205 207 210 215 216 223 225 228 231 232 236 238 244 250 259 261 265 268 287 290 291 297 298 299 302 303 304 305 308 309 310 311 315 316 317 321 322 325 328 331 332 334 336 345 348 349 351 355 357 361 364 365 368 370 373 374 383 387 390 392 394 395 401 404 407 413 416 417 418 421 425 426 429 432 433 434 435 436 439 442 442 443 450 451 458 459 462 465 468 475 476 477 478 480 481 484 487 488 489 491 492 493 494 495 496 499 501 507 509 510 513 514 518 523 525 527 534 535 536 536 538 546 548 549 552 553 553 556 556 561 566 571 572 575 583 584 585 587 588 592 595 596 597 598 599 602 603 604 607 609 617 620 622 623 625 628 637 639 642 646 647 649 654 655 656 657 661 662 663 664 665 666 669 669 670 671 673 678 679 683 684 684 687 689 690 692 694 695 699 700 701 702 704 709 711 715 716 717 719 721 722 723 724 726 727 728 729 734 735 736 739 740 741 750 754 755 758 759 760 761 762 766 769 776 777 778 779 781 784 785 787 795 796 798 799 800 804 805 809 810 811 812 813 814 815 820 826 833 834 835 836 836 837 839 841 842 843 844 848 850 850 854 856 857 858 859 862 863 864 865 867 870 872 874 875 877 878 880 883 888 890 892 897 898 900 912 914 916 926 927 928 930 933 936 938 939 942 945 947 948 949 953 958 959 960 961 962 964 965 967 969 971 971 973 974 977 978 980 985 987 992 993 994 995 996 998 999 
Distance: 4026230.96
Execution Time: 1.31 sec

Solution: 0 2 7 10 12 14 17 18 22 24 25 26 28 29 30 31 35 40 43 47 48 49 50 52 55 58 62 67 72 77 80 81 82 85 87 91 92 93 98 101 102 104 110 111 115 123 125 126 130 134 135 139 143 144 145 154 163 164 167 168 169 170 171 174 177 184 185 188 190 192 193 194 196 198 200 203 208 213 219 222 223 224 225 231 233 235 239 240 241 246 247 250 251 253 254 257 258 259 260 261 263 265 267 269 271 272 277 278 283 285 289 290 293 294 295 296 307 310 311 313 314 318 319 320 321 323 324 331 333 334 335 336 337 338 339 341 342 343 345 346 349 355 358 360 361 362 364 367 369 371 373 375 377 381 382 383 388 390 394 395 397 398 401 403 405 407 410 411 416 417 420 422 424 426 427 428 429 433 436 439 441 443 445 447 449 450 453 455 456 459 461 462 463 470 473 478 481 485 488 489 490 491 492 494 495 496 498 502 503 507 511 513 519 522 525 528 531 532 539 541 545 548 551 553 554 555 559 560 563 582 589 590 592 596 598 603 607 616 620 623 626 629 630 634 636 637 638 639 643 645 649 651 652 656 657 659 661 664 668 673 675 676 677 678 679 683 685 688 689 692 693 695 696 698 699 700 701 705 707 708 709 713 716 717 721 723 725 728 729 730 732 733 735 736 739 740 742 745 748 749 751 756 758 759 760 761 765 771 776 778 781 783 790 791 792 793 795 796 797 798 799 801 806 807 808 809 810 812 813 818 822 827 835 839 843 844 849 850 851 852 856 858 860 864 867 869 871 874 877 878 879 884 885 886 891 895 896 900 901 904 906 909 910 911 914 919 922 923 927 931 932 934 940 942 943 944 945 946 947 948 954 955 957 959 960 963 966 967 968 970 971 978 979 988 989 990 994 997 998 999 
Distance: 4029176.53
Execution Time: 1.20 sec

Solution: 0 1 3 4 5 7 9 13 15 17 18 26 28 31 35 36 37 40 42 48 50 51 52 55 59 60 64 67 72 73 75 82 85 87 89 91 93 99 102 108 109 110 111 112 116 122 123 126 127 131 132 133 136 137 138 139 140 141 142 143 149 153 154 157 158 160 162 166 167 169 171 174 175 177 179 180 181 184 187 189 195 202 206 209 211 212 215 221 222 224 225 226 227 229 230 234 235 238 243 244 249 250 253 259 261 263 266 268 270 275 276 278 283 289 293 294 297 298 299 301 309 311 312 316 321 323 328 330 331 333 336 338 339 342 343 346 347 348 352 353 354 355 356 357 358 359 362 363 364 366 367 368 369 370 372 373 378 380 381 387 388 395 400 401 404 406 408 412 415 417 418 419 421 425 426 431 436 439 440 442 446 450 452 455 464 468 470 471 472 477 490 491 495 497 500 502 503 508 510 512 514 518 519 520 525 526 528 529 532 534 536 537 542 546 550 552 555 558 565 569 571 572 573 574 575 580 581 584 586 587 589 592 593 598 600 603 605 606 613 614 619 620 623 624 629 630 635 636 638 640 643 645 647 648 649 655 656 658 664 666 667 668 673 675 678 681 683 685 693 696 700 701 704 706 708 709 710 712 713 716 718 725 728 732 733 736 739 742 743 745 748 750 751 753 760 762 763 764 765 766 767 769 770 771 772 776 778 779 780 783 784 785 791 798 800 801 806 808 811 814 817 820 823 825 827 828 829 830 833 836 837 844 847 851 852 853 854 855 857 858 864 867 869 872 874 875 877 878 881 883 886 887 888 890 891 894 895 896 902 903 904 905 908 910 921 922 923 925 931 934 935 936 940 947 948 949 951 954 955 957 958 959 961 962 967 971 972 974 976 977 979 980 981 982 984 985 990 995 996 998 
Distance: 4033066.49
Execution Time: 0.94 sec

Solution: 0 2 4 6 7 9 10 12 15 16 17 19 20 26 29 30 31 31 32 34 36 37 40 41 44 45 48 50 52 54 56 57 58 58 60 61 63 66 67 71 72 73 76 80 81 82 84 85 87 93 94 96 99 100 102 109 112 115 121 126 130 137 147 149 152 153 154 157 170 174 176 178 179 183 185 187 189 190 198 201 203 203 206 207 211 213 224 227 228 230 231 232 234 241 242 249 250 252 254 260 264 266 268 269 271 272 273 274 276 278 285 286 288 292 293 295 299 300 301 302 304 307 309 315 318 320 321 323 324 326 328 331 332 337 340 343 344 346 348 352 353 354 358 359 361 362 369 371 373 378 379 385 386 388 391 392 393 396 400 403 405 407 415 416 422 427 428 434 435 437 438 439 440 441 442 443 445 449 450 451 453 455 457 463 464 469 470 472 475 476 483 485 487 489 490 491 501 502 506 509 513 514 516 521 522 525 526 528 530 531 532 536 537 539 540 541 547 549 550 552 558 561 562 564 568 569 573 576 580 582 588 588 590 591 592 593 594 599 601 605 606 608 615 617 618 619 619 623 628 629 631 633 641 647 649 651 655 659 660 662 663 667 670 671 673 674 677 679 681 682 685 687 690 695 696 697 699 700 702 703 704 707 709 712 713 714 715 719 720 726 731 735 742 743 744 746 748 749 752 754 755 756 759 761 762 764 765 767 768 770 776 782 790 795 797 802 803 804 806 808 809 809 814 816 817 819 820 823 824 829 832 834 839 841 843 847 848 851 852 855 856 857 861 862 864 867 871 872 876 881 882 883 886 887 889 891 895 896 900 902 905 907 909 911 912 913 914 915 916 918 919 923 932 933 938 939 940 943 947 954 957 959 960 962 963 964 965 967 968 972 979 980 984 985 987 988 992 995 996 999 
Distance: 4032408.01
Execution Time: 1.21 sec

Solution: 0 5 7 10 11 12 13 15 17 18 23 27 29 33 35 37 40 41 43 44 45 46 53 54 55 56 59 61 65 67 68 72 74 82 85 86 89 90 93 94 95 97 101 106 108 109 113 115 118 120 122 124 133 136 137 138 139 140 141 146 147 149 156 157 158 159 162 166 169 171 172 175 177 178 179 181 183 185 186 187 188 198 199 200 205 208 209 211 212 213 214 216 217 218 220 221 224 225 230 231 235 236 238 239 240 244 247 250 252 260 261 263 264 266 267 268 269 273 275 278 280 281 283 284 286 287 288 290 295 297 301 305 306 307 308 309 311 314 315 320 322 324 328 329 330 332 336 337 338 341 342 344 345 348 352 354 359 365 367 368 374 377 380 381 382 382 383 385 386 387 390 392 393 394 398 400 404 405 415 416 417 419 422 425 427 430 434 436 439 440 448 450 451 454 456 457 462 464 466 471 472 474 475 476 477 480 481 482 487 495 497 498 499 503 504 506 508 509 513 516 521 522 526 528 532 534 541 545 548 553 555 558 561 562 564 567 570 573 579 581 582 583 584 585 588 589 592 594 597 602 603 607 608 611 612 619 620 625 626 627 629 631 637 641 643 647 651 660 663 664 666 670 673 678 682 684 686 687 694 696 700 704 705 711 713 716 717 721 723 725 731 739 743 746 747 748 750 752 754 755 762 768 769 771 773 776 780 783 784 787 788 790 791 792 793 798 800 801 806 807 808 809 811 813 815 816 819 820 827 828 829 844 846 847 849 854 856 858 861 862 863 864 866 869 871 872 874 877 879 880 882 883 885 888 894 895 897 899 901 902 904 905 911 912 917 918 919 923 925 927 930 932 933 938 940 943 945 950 953 954 955 957 958 962 964 965 966 967 968 970 971 972 975 980 984 988 990 991 994 996 
Distance: 4024183.93
